# Memory Latency (lat_mem_rd)
# Timestamp: 2026-03-17T08:22:32+05:30

"stride=128
0.00049 1.544
0.00098 1.536
0.00195 1.533
0.00293 1.533
0.00391 1.535
0.00586 1.537
0.00781 1.547
0.01172 1.542
0.01562 1.551
0.02344 1.560
0.03125 1.555
0.04688 1.626
0.06250 4.061
0.09375 4.085
0.12500 4.130
0.18750 4.993
0.25000 6.219
0.37500 8.385
0.50000 10.590
0.75000 13.691
1.00000 15.275
1.50000 16.717
2.00000 18.558
3.00000 25.509
4.00000 60.860
6.00000 90.858
8.00000 100.929
12.00000 112.463
16.00000 116.761
24.00000 121.912
32.00000 124.394
48.00000 124.328
64.00000 127.517
96.00000 125.076
128.00000 130.799
192.00000 125.976
256.00000 130.904
384.00000 122.050
512.00000 123.268

